INDICES: 1
bugs found=73
                            var   n  mean    sd median trimmed   mad  min   max range  skew kurtosis   se
kclust                        1 509  0.82  0.84   0.52    0.67  0.48 0.06  5.88  5.82  2.12     5.82 0.04
cbo                           2 509  3.28  2.45   2.75    2.94  1.75 0.00 18.72 18.72  2.16     7.48 0.11
dit                           3 509  1.37  1.55   0.76    1.07  0.68 0.07  9.76  9.68  2.35     6.85 0.07
fanIn                         4 509  1.74  2.29   0.96    1.27  1.06 0.00 17.65 17.65  2.94    11.55 0.10
fanOut                        5 509  1.61  1.37   1.42    1.46  1.36 0.00  7.61  7.61  1.03     1.41 0.06
lcom                          6 509 12.56 11.89   9.43   10.76  9.22 0.00 71.37 71.37  1.73     4.07 0.53
noc                           7 509  0.33  1.23   0.00    0.05  0.00 0.00 14.71 14.71  6.79    58.34 0.05
numberOfAttributes            8 509  2.29  3.12   1.43    1.68  1.50 0.00 27.27 27.27  3.94    21.53 0.14
numberOfAttributesInherited   9 509  6.18 12.84   0.00    2.84  0.00 0.00 94.44 94.44  3.04    10.69 0.57
numberOfLinesOfCode          10 509 28.64 13.62  28.77   28.78 14.31 0.00 73.00 73.00 -0.04    -0.47 0.60
numberOfMethods              11 509  3.57  1.69   3.29    3.41  1.52 0.00 12.82 12.82  1.15     2.42 0.08
numberOfMethodsInherited     12 509 14.72 15.61   9.04   11.69  8.68 0.00 74.14 74.14  1.73     2.59 0.69
numberOfPrivateAttributes    13 509  0.70  1.25   0.00    0.41  0.00 0.00  9.09  9.09  2.52     8.57 0.06
numberOfPrivateMethods       14 509  0.23  0.50   0.00    0.11  0.00 0.00  3.85  3.85  3.40    15.16 0.02
numberOfPublicAttributes     15 509  0.94  2.02   0.00    0.49  0.00 0.00 18.46 18.46  4.10    21.97 0.09
numberOfPublicMethods        16 509  2.78  1.90   2.58    2.61  1.77 0.00 12.82 12.82  1.07     2.11 0.08
rfc                          17 509 10.49  5.05  10.20   10.29  4.80 0.00 34.58 34.58  0.57     0.86 0.22
wmc                          18 509  7.67  3.68   7.64    7.63  3.54 0.00 17.71 17.71  0.10    -0.39 0.16
bugs                         19 509  0.07  0.25   0.00    0.00  0.00 0.00  2.63  2.63  5.59    38.40 0.01
--------------------------------------------------------------------------------------------- 
INDICES: 2
bugs found=11
                            var n  mean   sd median trimmed  mad   min   max range skew kurtosis   se
kclust                        1 2  0.00 0.00   0.00    0.00 0.00  0.00  0.00  0.00    0    -2.75 0.00
cbo                           2 2  0.16 0.01   0.16    0.16 0.01  0.15  0.17  0.02    0    -2.75 0.01
dit                           3 2  0.00 0.00   0.00    0.00 0.00  0.00  0.00  0.00    0    -2.75 0.00
fanIn                         4 2  0.13 0.01   0.13    0.13 0.01  0.12  0.14  0.02    0    -2.75 0.01
fanOut                        5 2  0.04 0.00   0.04    0.04 0.00  0.04  0.04  0.01    0    -2.75 0.00
lcom                          6 2 85.00 3.81  85.00   85.00 3.99 82.31 87.69  5.38    0    -2.75 2.69
noc                           7 2  0.00 0.00   0.00    0.00 0.00  0.00  0.00  0.00    0    -2.75 0.00
numberOfAttributes            8 2  0.04 0.05   0.04    0.04 0.05  0.01  0.07  0.07    0    -2.75 0.03
numberOfAttributesInherited   9 2  0.00 0.00   0.00    0.00 0.00  0.00  0.00  0.00    0    -2.75 0.00
numberOfLinesOfCode          10 2  8.86 2.47   8.86    8.86 2.59  7.11 10.61  3.50    0    -2.75 1.75
numberOfMethods              11 2  0.49 0.07   0.49    0.49 0.08  0.44  0.54  0.10    0    -2.75 0.05
numberOfMethodsInherited     12 2  0.01 0.00   0.01    0.01 0.00  0.01  0.01  0.00    0    -2.75 0.00
numberOfPrivateAttributes    13 2  0.00 0.00   0.00    0.00 0.00  0.00  0.00  0.00    0    -2.75 0.00
numberOfPrivateMethods       14 2  0.01 0.01   0.01    0.01 0.01  0.01  0.02  0.01    0    -2.75 0.01
numberOfPublicAttributes     15 2  0.03 0.04   0.03    0.03 0.04  0.00  0.06  0.06    0    -2.75 0.03
numberOfPublicMethods        16 2  0.47 0.07   0.47    0.47 0.07  0.42  0.51  0.09    0    -2.75 0.05
rfc                          17 2  2.82 0.01   2.82    2.82 0.01  2.82  2.83  0.01    0    -2.75 0.00
wmc                          18 2  1.92 1.13   1.92    1.92 1.19  1.12  2.72  1.60    0    -2.75 0.80
bugs                         19 2  0.01 0.00   0.01    0.01 0.00  0.01  0.01  0.00    0    -2.75 0.00
--------------------------------------------------------------------------------------------- 
INDICES: 3
bugs found=29
                            var   n  mean    sd median trimmed   mad   min   max range  skew kurtosis   se
kclust                        1 165  0.46  0.11   0.48    0.46  0.10  0.12  0.68  0.56 -0.62    -0.09 0.01
cbo                           2 165  1.07  0.75   0.96    0.98  0.69  0.00  4.30  4.30  1.40     2.70 0.06
dit                           3 165  0.76  0.30   0.73    0.76  0.35  0.16  1.47  1.31  0.08    -0.76 0.02
fanIn                         4 165  0.33  0.52   0.18    0.22  0.08  0.00  3.66  3.66  3.94    19.01 0.04
fanOut                        5 165  0.75  0.53   0.68    0.72  0.60  0.00  2.24  2.24  0.52    -0.52 0.04
lcom                          6 165  2.90  3.01   2.01    2.32  2.16  0.16 17.18 17.01  2.13     5.40 0.23
noc                           7 165  0.09  0.19   0.00    0.05  0.00  0.00  0.99  0.99  2.52     6.79 0.01
numberOfAttributes            8 165  0.31  0.39   0.21    0.25  0.31  0.00  2.60  2.60  2.83    12.00 0.03
numberOfAttributesInherited   9 165 60.14 14.63  62.40   61.08 13.66 16.38 88.80 72.42 -0.60    -0.11 1.14
numberOfLinesOfCode          10 165 12.08  9.82   8.47   10.75  7.09  0.97 60.58 59.61  1.45     2.72 0.76
numberOfMethods              11 165  0.88  0.35   0.81    0.85  0.35  0.33  1.90  1.58  0.71    -0.12 0.03
numberOfMethodsInherited     12 165 11.41  4.60  11.94   11.43  5.64  0.97 20.10 19.12 -0.10    -1.01 0.36
numberOfPrivateAttributes    13 165  0.03  0.10   0.00    0.00  0.00  0.00  0.99  0.99  6.35    53.59 0.01
numberOfPrivateMethods       14 165  0.02  0.05   0.00    0.00  0.00  0.00  0.36  0.36  3.75    17.19 0.00
numberOfPublicAttributes     15 165  0.23  0.27   0.17    0.18  0.26  0.00  1.55  1.55  1.88     4.88 0.02
numberOfPublicMethods        16 165  0.82  0.34   0.78    0.79  0.36  0.00  1.90  1.90  0.66     0.11 0.03
rfc                          17 165  4.47  3.13   3.54    4.12  2.38  0.40 14.77 14.37  1.04     0.30 0.24
wmc                          18 165  3.24  2.53   2.50    2.89  2.21  0.32 10.52 10.20  1.06     0.11 0.20
bugs                         19 165  0.02  0.05   0.00    0.00  0.00  0.00  0.26  0.26  2.76     7.17 0.00
--------------------------------------------------------------------------------------------- 
INDICES: 4
bugs found=37
                            var   n  mean    sd median trimmed   mad  min   max range  skew kurtosis   se
kclust                        1 194  1.10  0.74   0.88    0.98  0.36 0.16  4.26  4.10  1.86     3.84 0.05
cbo                           2 194  1.90  1.33   1.38    1.67  0.73 0.41  9.64  9.23  2.04     5.95 0.10
dit                           3 194  1.15  1.02   0.78    0.97  0.42 0.11  7.45  7.34  2.69     9.99 0.07
fanIn                         4 194  0.76  1.04   0.49    0.56  0.41 0.00  9.02  9.02  4.28    24.82 0.07
fanOut                        5 194  1.20  0.99   0.95    1.05  0.53 0.00  5.36  5.36  1.75     3.46 0.07
lcom                          6 194 14.69 10.91  14.89   13.63 12.61 0.00 45.17 45.17  0.67    -0.09 0.78
noc                           7 194  0.09  0.23   0.00    0.03  0.00 0.00  1.30  1.30  2.97     8.93 0.02
numberOfAttributes            8 194  0.83  0.73   0.75    0.73  0.59 0.00  3.97  3.97  1.84     4.65 0.05
numberOfAttributesInherited   9 194 16.35  9.02  16.10   15.72  9.72 1.24 49.40 48.17  0.74     0.79 0.65
numberOfLinesOfCode          10 194 19.05  9.15  19.35   18.49  5.72 3.02 54.36 51.34  0.75     1.45 0.66
numberOfMethods              11 194  2.38  0.80   2.53    2.40  0.77 0.60  5.24  4.64  0.09     0.48 0.06
numberOfMethodsInherited     12 194 25.21 15.75  18.74   23.01 11.00 3.92 64.64 60.72  1.08     0.13 1.13
numberOfPrivateAttributes    13 194  0.30  0.33   0.20    0.26  0.30 0.00  1.19  1.19  0.56    -1.04 0.02
numberOfPrivateMethods       14 194  0.04  0.13   0.00    0.00  0.00 0.00  0.98  0.98  4.25    20.92 0.01
numberOfPublicAttributes     15 194  0.17  0.45   0.00    0.06  0.00 0.00  3.19  3.19  3.87    17.89 0.03
numberOfPublicMethods        16 194  1.15  0.64   1.03    1.09  0.47 0.00  3.66  3.66  1.31     2.48 0.05
rfc                          17 194  8.38  3.54   9.34    8.55  2.59 0.97 18.20 17.23 -0.40    -0.21 0.25
wmc                          18 194  5.20  2.57   5.06    5.00  1.50 0.60 13.07 12.47  0.75     0.78 0.18
bugs                         19 194  0.05  0.14   0.00    0.01  0.00 0.00  0.73  0.73  2.97     8.32 0.01
--------------------------------------------------------------------------------------------- 
INDICES: 5
bugs found=3
                            var n  mean    sd median trimmed   mad  min   max range skew kurtosis    se
kclust                        1 2  0.45  0.43   0.45    0.45  0.45 0.14  0.75  0.61    0    -2.75  0.31
cbo                           2 2  0.58  0.67   0.58    0.58  0.70 0.11  1.06  0.94    0    -2.75  0.47
dit                           3 2  0.09  0.09   0.09    0.09  0.09 0.03  0.15  0.12    0    -2.75  0.06
fanIn                         4 2  0.50  0.58   0.50    0.50  0.61 0.09  0.90  0.82    0    -2.75  0.41
fanOut                        5 2  0.09  0.09   0.09    0.09  0.09 0.03  0.15  0.12    0    -2.75  0.06
lcom                          6 2  0.86  1.00   0.86    0.86  1.05 0.15  1.56  1.41    0    -2.75  0.71
noc                           7 2  0.00  0.00   0.00    0.00  0.00 0.00  0.00  0.00  NaN      NaN  0.00
numberOfAttributes            8 2 27.32 28.12  27.32   27.32 29.48 7.44 47.21 39.77    0    -2.75 19.89
numberOfAttributesInherited   9 2  0.00  0.00   0.00    0.00  0.00 0.00  0.00  0.00  NaN      NaN  0.00
numberOfLinesOfCode          10 2 30.82 42.31  30.82   30.82 44.36 0.90 60.74 59.84    0    -2.75 29.92
numberOfMethods              11 2  0.31  0.01   0.31    0.31  0.01 0.30  0.31  0.01    0    -2.75  0.01
numberOfMethodsInherited     12 2  0.11  0.16   0.11    0.11  0.17 0.00  0.23  0.23    0    -2.75  0.11
numberOfPrivateAttributes    13 2  0.08  0.11   0.08    0.08  0.11 0.00  0.15  0.15    0    -2.75  0.08
numberOfPrivateMethods       14 2  0.10  0.07   0.10    0.10  0.07 0.06  0.15  0.09    0    -2.75  0.05
numberOfPublicAttributes     15 2 27.21 28.08  27.21   27.21 29.43 7.35 47.06 39.71    0    -2.75 19.85
numberOfPublicMethods        16 2  0.20  0.07   0.20    0.20  0.08 0.15  0.26  0.10    0    -2.75  0.05
rfc                          17 2  4.21  5.32   4.21    4.21  5.58 0.45  7.98  7.52    0    -2.75  3.76
wmc                          18 2  6.96  9.42   6.96    6.96  9.88 0.30 13.62 13.32    0    -2.75  6.66
bugs                         19 2  0.10  0.07   0.10    0.10  0.07 0.06  0.15  0.09    0    -2.75  0.05
--------------------------------------------------------------------------------------------- 
INDICES: 6
bugs found=149
                            var  n  mean    sd median trimmed   mad  min   max range  skew kurtosis   se
kclust                        1 91  0.35  0.20   0.31    0.32  0.16 0.03  1.23  1.21  1.68     4.26 0.02
cbo                           2 91  1.61  1.03   1.40    1.49  0.81 0.00  5.34  5.34  1.21     1.63 0.11
dit                           3 91  0.12  0.08   0.09    0.11  0.06 0.00  0.36  0.35  1.02     0.54 0.01
fanIn                         4 91  0.52  0.76   0.26    0.35  0.30 0.00  3.85  3.85  2.81     8.41 0.08
fanOut                        5 91  1.17  0.74   1.03    1.10  0.46 0.00  3.84  3.84  1.03     1.08 0.08
lcom                          6 91 27.28 18.29  25.32   25.52 18.91 0.00 92.63 92.63  0.93     0.84 1.92
noc                           7 91  0.05  0.13   0.00    0.02  0.00 0.00  1.03  1.03  4.99    31.91 0.01
numberOfAttributes            8 91  1.84  5.77   0.58    0.70  0.54 0.00 45.17 45.17  5.82    36.44 0.61
numberOfAttributesInherited   9 91  6.10  9.79   1.19    4.08  1.76 0.00 57.91 57.91  2.34     7.30 1.03
numberOfLinesOfCode          10 91 34.61 11.59  35.74   34.76 10.03 0.00 60.38 60.38 -0.27     0.41 1.21
numberOfMethods              11 91  1.55  0.54   1.52    1.54  0.39 0.00  2.83  2.83  0.17     0.32 0.06
numberOfMethodsInherited     12 91  2.04  1.94   1.54    1.75  1.63 0.00  8.31  8.31  1.24     0.94 0.20
numberOfPrivateAttributes    13 91  0.31  0.49   0.11    0.20  0.16 0.00  2.74  2.74  2.34     6.42 0.05
numberOfPrivateMethods       14 91  0.27  0.36   0.10    0.20  0.15 0.00  1.72  1.72  1.59     2.19 0.04
numberOfPublicAttributes     15 91  0.32  0.97   0.08    0.15  0.13 0.00  8.83  8.83  7.48    61.97 0.10
numberOfPublicMethods        16 91  0.89  0.68   0.88    0.82  0.76 0.00  2.73  2.73  0.74    -0.04 0.07
rfc                          17 91 11.68  4.19  12.02   11.71  3.65 0.00 21.22 21.22 -0.19     0.09 0.44
wmc                          18 91  9.20  3.52   9.15    9.21  4.01 0.00 18.40 18.40 -0.08    -0.27 0.37
bugs                         19 91  0.10  0.13   0.06    0.07  0.09 0.00  0.82  0.82  2.54     9.57 0.01
--------------------------------------------------------------------------------------------- 
INDICES: 7
bugs found=12
                            var  n  mean    sd median trimmed   mad  min   max range skew kurtosis   se
kclust                        1 19  1.67  2.75   0.42    1.20  0.31 0.14 11.29 11.15 2.39     5.25 0.63
cbo                           2 19  5.82  6.26   4.26    4.73  3.12 0.79 29.35 28.57 2.77     7.62 1.44
dit                           3 19  0.35  0.51   0.11    0.29  0.11 0.03  1.72  1.70 1.77     1.89 0.12
fanIn                         4 19  5.11  6.37   3.62    3.98  2.45 0.00 29.35 29.35 2.88     8.16 1.46
fanOut                        5 19  0.85  0.62   0.79    0.79  0.57 0.00  2.59  2.59 0.89     0.95 0.14
lcom                          6 19 25.71 20.77  18.97   25.03 20.45 2.94 60.02 57.08 0.50    -1.50 4.76
noc                           7 19  3.94  7.28   0.59    2.70  0.74 0.00 29.03 29.03 2.29     4.76 1.67
numberOfAttributes            8 19  1.59  2.61   0.36    1.25  0.54 0.00  9.03  9.03 1.85     2.23 0.60
numberOfAttributesInherited   9 19  9.13 14.81   0.85    7.18  1.26 0.00 51.35 51.35 1.57     1.39 3.40
numberOfLinesOfCode          10 19 22.44 10.24  20.57   22.38 10.66 5.81 40.19 34.39 0.16    -1.07 2.35
numberOfMethods              11 19  2.10  0.95   1.77    1.99  0.45 1.19  4.84  3.65 1.56     1.53 0.22
numberOfMethodsInherited     12 19  5.37  8.03   1.50    4.41  1.76 0.23 26.77 26.54 1.50     0.78 1.84
numberOfPrivateAttributes    13 19  0.19  0.59   0.00    0.06  0.00 0.00  2.59  2.59 3.54    11.54 0.14
numberOfPrivateMethods       14 19  0.02  0.03   0.00    0.02  0.00 0.00  0.08  0.08 0.99    -0.65 0.01
numberOfPublicAttributes     15 19  0.12  0.19   0.04    0.09  0.06 0.00  0.70  0.70 1.82     2.37 0.04
numberOfPublicMethods        16 19  1.49  1.12   1.26    1.38  0.74 0.00  4.84  4.84 1.51     2.04 0.26
rfc                          17 19  7.19  2.47   6.08    7.19  2.77 3.23 11.07  7.85 0.21    -1.42 0.57
wmc                          18 19  6.90  3.55   6.32    6.74  4.30 1.94 14.48 12.55 0.36    -0.89 0.81
bugs                         19 19  0.03  0.04   0.00    0.03  0.00 0.00  0.12  0.12 0.90    -0.78 0.01
--------------------------------------------------------------------------------------------- 
INDICES: 8
bugs found=60
                            var  n  mean    sd median trimmed   mad  min   max range  skew kurtosis   se
kclust                        1 15  0.10  0.05   0.10    0.10  0.05 0.03  0.19  0.16  0.04    -1.23 0.01
cbo                           2 15  0.83  0.64   0.77    0.77  0.61 0.05  2.36  2.32  0.86    -0.08 0.16
dit                           3 15  0.02  0.01   0.01    0.01  0.00 0.00  0.05  0.05  1.96     3.82 0.00
fanIn                         4 15  0.38  0.45   0.17    0.32  0.25 0.00  1.58  1.58  1.17     0.67 0.12
fanOut                        5 15  0.50  0.50   0.35    0.42  0.29 0.05  2.09  2.04  2.05     3.96 0.13
lcom                          6 15 39.41 23.55  34.45   38.09 24.83 9.91 86.08 76.17  0.47    -1.16 6.08
noc                           7 15  0.02  0.04   0.00    0.01  0.00 0.00  0.17  0.17  2.48     5.36 0.01
numberOfAttributes            8 15  0.54  0.51   0.41    0.50  0.38 0.02  1.62  1.60  1.01    -0.28 0.13
numberOfAttributesInherited   9 15  1.08  1.08   0.79    1.01  1.17 0.00  3.01  3.01  0.45    -1.33 0.28
numberOfLinesOfCode          10 15 33.95 15.25  35.26   34.31 21.79 5.93 57.23 51.30 -0.13    -1.26 3.94
numberOfMethods              11 15  0.88  0.22   0.80    0.87  0.26 0.58  1.25  0.67  0.32    -1.43 0.06
numberOfMethodsInherited     12 15  0.33  0.55   0.15    0.21  0.09 0.07  2.21  2.14  2.63     6.05 0.14
numberOfPrivateAttributes    13 15  0.09  0.10   0.05    0.09  0.07 0.00  0.30  0.30  0.88    -0.77 0.03
numberOfPrivateMethods       14 15  0.21  0.23   0.10    0.18  0.09 0.00  0.82  0.82  1.31     0.66 0.06
numberOfPublicAttributes     15 15  0.25  0.26   0.20    0.24  0.28 0.00  0.71  0.71  0.64    -1.27 0.07
numberOfPublicMethods        16 15  0.52  0.27   0.61    0.52  0.32 0.04  0.95  0.90 -0.13    -1.10 0.07
rfc                          17 15 11.37  8.58   9.17    9.83  5.22 4.00 38.72 34.71  2.07     4.01 2.22
wmc                          18 15  9.47  5.19   9.41    9.50  5.30 0.99 17.65 16.65  0.19    -1.20 1.34
bugs                         19 15  0.05  0.04   0.04    0.04  0.05 0.00  0.12  0.12  0.46    -1.16 0.01
